                E_LAB                 k_cm                 sgtt           sigma_sgtt
       0.12434198E+03       0.12239724E+01      -0.91203032E+01       0.14814165E+00
       0.71916848E+02       0.93084645E+00      -0.26516784E+02       0.22924425E+00
       0.20275069E+03       0.15629457E+01      -0.37539743E+00       0.14205359E+00
       0.27870544E+03       0.18324640E+01       0.32705658E+01       0.17834116E+00
       0.21415922E+03       0.16063165E+01       0.34884175E+00       0.14864755E+00
       0.18955151E+03       0.15112153E+01      -0.13247660E+01       0.13514564E+00
       0.77091197E+02       0.96375161E+00      -0.23718972E+02       0.21859874E+00
       0.27354991E+03       0.18154363E+01       0.30946010E+01       0.17661495E+00
       0.33070575E+03       0.19961060E+01       0.46351806E+01       0.19764811E+00
       0.28206408E+03       0.18434723E+01       0.33808093E+01       0.17943940E+00
       0.13132699E+03       0.12578815E+01      -0.78925330E+01       0.14168632E+00
       0.32849598E+03       0.19894259E+01       0.45907073E+01       0.19658684E+00
       0.21374335E+03       0.16047561E+01       0.32383518E+00       0.14840491E+00
       0.33660401E+03       0.20138280E+01       0.47486499E+01       0.20063368E+00
       0.20480734E+03       0.15708528E+01      -0.23872387E+00       0.14322165E+00
       0.22076568E+03       0.16309044E+01       0.73305804E+00       0.15247731E+00
       0.31976289E+02       0.62069286E+00      -0.73456113E+02       0.36762192E+00
       0.89893978E+02       0.10407059E+01      -0.18184273E+02       0.19510302E+00
       0.17404322E+02       0.45792175E+00      -0.11772959E+03       0.49810088E+00
       0.27471294E+03       0.18192915E+01       0.31350227E+01       0.17700969E+00
       0.14373682E+03       0.13159723E+01      -0.60229213E+01       0.13324484E+00
       0.12249760E+02       0.38417270E+00      -0.13350346E+03       0.58349553E+00
       0.45097541E+02       0.73712163E+00      -0.50431002E+02       0.30418459E+00
       0.25939206E+03       0.17678323E+01       0.25668758E+01       0.17144531E+00
       0.59672159E+02       0.84790774E+00      -0.34996940E+02       0.25818469E+00
       0.22258594E+03       0.16376142E+01       0.83477101E+00       0.15351786E+00
       0.27842399E+03       0.18315385E+01       0.32611720E+01       0.17824834E+00
       0.33307473E+03       0.20032427E+01       0.46816623E+01       0.19882036E+00
       0.23165401E+03       0.16706391E+01       0.13166268E+01       0.15853923E+00
       0.10273533E+03       0.11125579E+01      -0.14054584E+02       0.17488096E+00
       0.21372694E+03       0.16046945E+01       0.32284658E+00       0.14839534E+00
       0.18710350E+03       0.15014252E+01      -0.15158932E+01       0.13403420E+00
       0.34801412E+03       0.20476757E+01       0.49472872E+01       0.20703925E+00
       0.10461855E+02       0.35503165E+00      -0.13379908E+03       0.62503631E+00
       0.61863743E+02       0.86333792E+00      -0.33246185E+02       0.25252572E+00
       0.13388728E+03       0.12700838E+01      -0.74766116E+01       0.13961890E+00
       0.18652024E+03       0.14990831E+01      -0.15621873E+01       0.13377982E+00
       0.20242750E+03       0.15616995E+01      -0.39713323E+00       0.14187149E+00
       0.19781631E+03       0.15438097E+01      -0.71516385E+00       0.13932865E+00
       0.12461232E+03       0.12253022E+01      -0.90700524E+01       0.14787032E+00
       0.12521010E+03       0.12282376E+01      -0.89597614E+01       0.14727637E+00
       0.34924336E+03       0.20512888E+01       0.49671002E+01       0.20777715E+00
       0.88606633E+02       0.10332272E+01      -0.18667097E+02       0.19730586E+00
       0.12960762E+02       0.39516456E+00      -0.13213640E+03       0.56917131E+00
       0.35973379E+02       0.65834469E+00      -0.65131941E+02       0.34495676E+00
       0.23042446E+03       0.16661996E+01       0.12536261E+01       0.15787720E+00
       0.17608490E+03       0.14565446E+01      -0.24435593E+01       0.13005263E+00
       0.19586757E+03       0.15361867E+01      -0.85416786E+00       0.13829215E+00
       0.70449508E+02       0.92130135E+00      -0.27383629E+02       0.23240958E+00
       0.19005282E+03       0.15132124E+01      -0.12862469E+01       0.13538148E+00
       0.59581002E+02       0.84725985E+00      -0.35072346E+02       0.25842552E+00
       0.10213204E+03       0.11092865E+01      -0.14224269E+02       0.17576106E+00
       0.28164531E+02       0.58252422E+00      -0.82795760E+02       0.39307671E+00
       0.60742895E+02       0.85548119E+00      -0.34126906E+02       0.25538905E+00
       0.53044200E+02       0.79943227E+00      -0.41090660E+02       0.27701597E+00
       0.17091024E+03       0.14349830E+01      -0.29216386E+01       0.12890447E+00
       0.17443368E+03       0.14496992E+01      -0.25929414E+01       0.12962950E+00
       0.97404125E+02       0.10833066E+01      -0.15630838E+02       0.18289612E+00
       0.28641765E+03       0.18576445E+01       0.35187131E+01       0.18084596E+00
       0.25536852E+01       0.17540679E+00       0.50925293E+03       0.11456677E+01
       0.44739341E+02       0.73418839E+00      -0.50917289E+02       0.30556236E+00
       0.38284357E+02       0.67916203E+00      -0.60901900E+02       0.33336640E+00
       0.32138349E+03       0.19677708E+01       0.44400937E+01       0.19337557E+00
       0.15766380E+03       0.13782523E+01      -0.42937559E+01       0.12866147E+00
       0.27469071E+03       0.18192179E+01       0.31342539E+01       0.17700218E+00
       0.22986952E+03       0.16641920E+01       0.12249583E+01       0.15757626E+00
       0.21050497E+02       0.50360948E+00      -0.10459361E+03       0.45507135E+00
       0.20954217E+03       0.15889069E+01       0.65486898E-01       0.14595517E+00
       0.25948897E+03       0.17681625E+01       0.25707212E+01       0.17148348E+00
       0.12866003E+03       0.12450436E+01      -0.83445521E+01       0.14401274E+00
       0.33444555E+03       0.20073608E+01       0.47080002E+01       0.19951514E+00
       0.33747955E+03       0.20164454E+01       0.47648543E+01       0.20109595E+00
       0.17553129E+03       0.14542531E+01      -0.24933215E+01       0.12990508E+00
       0.34832066E+03       0.20485773E+01       0.49522563E+01       0.20722243E+00
       0.21631721E+03       0.16143893E+01       0.47701256E+00       0.14990491E+00
       0.16964955E+03       0.14296808E+01      -0.30426676E+01       0.12870717E+00
       0.26700298E+03       0.17935801E+01       0.28589264E+01       0.17431782E+00
       0.13143677E+03       0.12584071E+01      -0.78743444E+01       0.14159431E+00
       0.39677959E+02       0.69141275E+00      -0.58532181E+02       0.32683492E+00
       0.16790171E+02       0.44976979E+00      -0.11997050E+03       0.50645928E+00
       0.28197581E+03       0.18431839E+01       0.33779553E+01       0.17941072E+00
       0.29134656E+03       0.18735603E+01       0.36682322E+01       0.18243462E+00
       0.31026282E+03       0.19334262E+01       0.41808537E+01       0.18892056E+00
       0.12587705E+03       0.12315045E+01      -0.88380235E+01       0.14662350E+00
       0.10983140E+03       0.11503394E+01      -0.12206319E+02       0.16505241E+00
       0.15875297E+03       0.13830047E+01      -0.41719358E+01       0.12851988E+00
       0.12115695E+03       0.12081946E+01      -0.97303417E+01       0.15146385E+00
       0.13778767E+03       0.12884510E+01      -0.68745469E+01       0.13679037E+00
       0.57249770E+02       0.83051904E+00      -0.37075630E+02       0.26474432E+00
       0.19094282E+03       0.15167514E+01      -0.12183711E+01       0.13580664E+00
       0.31132360E+03       0.19367286E+01       0.42068740E+01       0.18931927E+00
       0.19902995E+03       0.15485383E+01      -0.62999975E+00       0.13998668E+00
       0.30702689E+03       0.19233173E+01       0.40997474E+01       0.18773365E+00
       0.48599882E+02       0.76520945E+00      -0.45993308E+02       0.29146513E+00
       0.21792648E+03       0.16203832E+01       0.57088763E+00       0.15083936E+00
       0.19813048E+03       0.15450352E+01      -0.69301545E+00       0.13949812E+00
       0.18234197E+02       0.46871196E+00      -0.11468806E+03       0.48737583E+00
       0.57653187E+01       0.26355689E+00      -0.53824200E+02       0.80754485E+00
       0.99528694E+02       0.10950574E+01      -0.14981387E+02       0.17963772E+00
       0.28828607E+03       0.18636938E+01       0.35762062E+01       0.18144745E+00
